60	127	1	1	0
60	127	1	1	1
60	127	1	1	1
60	127	1	1	1
60	127	1	1	1
60	127	1	1	1
60	127	1	1	1
60	127	1	1	1
60	127	1	1	1
60	127	1	1	1
60	127	1	1	1
60	127	1	1	1
60	127	1	1	1
60	127	1	1	1
61	127	1	1	2
60	127	1	1	1
60	127	1	1	1
60	127	1	1	1
61	127	1	1	2
60	127	1	2	1
60	127	1	2	1
60	126	1	2	2
60	127	1	2	1
60	127	1	2	1
60	127	1	2	1
60	127	1	2	1
60	127	1	2	1
60	127	1	2	1
60	126	1	2	2
60	126	1	2	2
60	126	1	2	2
61	127	1	2	3
61	127	1	2	3
61	127	1	2	3
60	126	1	2	2
60	126	1	3	1
60	126	1	3	1
60	126	1	3	1
60	126	1	3	1
60	126	1	3	1
60	126	1	3	1
59	126	1	3	2
60	126	1	3	1
60	126	1	3	1
60	126	1	3	1
60	126	1	3	1
59	126	1	3	2
60	126	1	3	1
60	126	1	3	1
60	126	1	3	1
60	126	1	3	1
60	126	1	3	1
61	127	1	4	1
61	127	1	4	1
61	127	1	4	1
61	127	1	4	1
61	127	1	4	1
61	126	1	4	2
61	126	1	4	2
61	126	1	4	2
61	126	1	4	2
61	126	1	4	2
61	126	1	4	2
60	126	1	4	3
61	126	1	4	2
61	126	1	4	2
61	126	1	4	2
61	126	1	4	2
61	126	1	4	2
61	127	1	4	1
62	126	1	5	1
61	126	1	5	3
62	126	1	5	1
62	127	1	5	2
62	127	1	5	2
62	127	1	5	2
62	127	1	5	2
62	126	1	5	1
62	126	1	5	1
62	126	1	5	1
62	126	1	5	1
61	126	1	5	3
61	126	1	5	3
62	126	1	5	1
62	126	1	5	1
62	126	1	5	1
61	127	1	6	1
61	127	1	6	1
61	127	1	6	1
61	127	1	6	1
61	127	1	6	1
61	127	1	6	1
61	127	1	6	1
61	127	1	6	1
61	127	1	6	1
61	127	1	6	1
61	127	1	6	1
61	127	1	6	1
61	127	1	6	1
61	127	1	6	1
61	127	1	6	1
62	128	1	7	1
62	127	1	7	2
62	127	1	7	2
62	127	1	7	2
62	127	1	7	2
62	127	1	7	2
62	127	1	7	2
62	127	1	7	2
62	127	1	7	2
62	127	1	7	2
62	127	1	7	2
62	128	1	7	1
62	128	1	7	1
62	127	1	7	2
62	127	1	7	2
62	128	1	7	1
62	128	1	7	1
61	127	1	8	1
60	127	1	8	4
60	127	1	8	4
61	127	1	8	1
61	127	1	8	1
60	127	1	8	4
61	127	1	8	1
61	127	1	8	1
60	127	1	8	4
60	127	1	8	4
60	128	1	8	3
60	128	1	8	3
61	127	1	8	1
61	128	1	8	2
61	127	1	8	1
61	128	1	8	2
61	127	1	8	1
61	128	1	8	2
61	128	1	8	2
61	128	1	8	2
61	128	1	8	2
61	128	1	9	1
61	128	1	9	1
61	128	1	9	1
61	128	1	9	1
61	128	1	9	1
61	128	1	9	1
61	128	1	9	1
61	128	1	9	1
61	128	1	9	1
60	128	1	9	2
61	128	1	9	1
61	128	1	9	1
60	128	1	9	2
60	128	1	9	2
61	129	1	10	1
61	128	1	10	2
61	128	1	10	2
61	128	1	10	2
61	129	1	10	1
61	129	1	10	1
61	129	1	10	1
61	129	1	10	1
61	128	1	10	2
61	129	1	10	1
61	128	1	10	2
61	129	1	10	1
61	129	1	10	1
61	129	1	10	1
61	129	1	10	1
61	129	1	11	1
61	128	1	11	2
61	128	1	11	2
61	128	1	11	2
61	128	1	11	2
62	128	1	11	3
61	128	1	11	2
61	128	1	11	2
62	128	1	11	3
62	129	1	11	4
62	129	1	11	4
61	128	1	11	2
61	129	1	11	1
61	129	1	11	1
61	129	1	11	1
61	129	1	11	1
61	129	1	11	1
61	129	1	11	1
61	129	1	11	1
61	129	1	11	1
59	127	1	12	1
59	127	1	12	1
59	128	1	12	2
59	128	1	12	2
59	128	1	12	2
59	128	1	12	2
59	128	1	12	2
59	128	1	12	2
59	127	1	12	1
59	127	1	12	1
59	127	1	12	1
59	127	1	12	1
59	127	1	12	1
59	127	1	12	1
59	127	1	12	1
58	127	1	12	3
59	128	1	12	2
59	127	1	13	1
60	127	1	13	3
59	126	1	13	2
59	127	1	13	1
59	126	1	13	2
59	127	1	13	1
59	127	1	13	1
59	127	1	13	1
59	127	1	13	1
59	127	1	13	1
59	127	1	13	1
59	127	1	13	1
59	127	1	13	1
59	127	1	13	1
59	127	1	13	1
59	127	1	14	1
59	126	1	14	2
60	126	1	14	4
59	126	1	14	2
59	126	1	14	2
59	126	1	14	2
59	126	1	14	2
59	126	1	14	2
59	126	1	14	2
59	126	1	14	2
59	126	1	14	2
59	126	1	14	2
59	126	1	14	2
59	127	1	14	1
59	127	1	14	1
59	127	1	14	1
58	127	1	14	3
58	126	1	15	1
58	126	1	15	1
58	126	1	15	1
58	126	1	15	1
58	126	1	15	1
58	126	1	15	1
57	126	1	15	3
58	126	1	15	1
57	126	1	15	3
57	126	1	15	3
57	126	1	15	3
58	126	1	15	1
57	126	1	15	3
58	126	1	15	1
58	126	1	15	1
58	126	1	15	1
58	126	1	15	1
58	126	1	15	1
58	125	1	15	2
58	126	1	16	1
58	126	1	16	1
58	126	1	16	1
58	126	1	16	1
58	126	1	16	1
58	126	1	16	1
58	126	1	16	1
57	126	1	16	3
58	126	1	16	1
58	126	1	16	1
58	126	1	16	1
58	126	1	16	1
57	127	1	16	4
58	127	1	16	2
58	127	1	16	2
57	126	1	16	3
58	126	1	16	1
57	126	1	16	3
57	127	1	16	4
57	127	1	16	4
57	127	1	16	4
58	125	1	17	1
58	125	1	17	1
58	125	1	17	1
58	125	1	17	1
58	125	1	17	1
58	125	1	17	1
58	125	1	17	1
58	125	1	17	1
58	125	1	17	1
58	125	1	17	1
58	125	1	17	1
58	125	1	17	1
58	125	1	17	1
58	125	1	17	1
57	125	1	17	2
57	125	1	17	2
59	124	1	18	1
58	125	1	18	4
58	125	1	18	4
59	124	1	18	1
59	125	1	18	2
59	124	1	18	1
58	124	1	18	3
59	124	1	18	1
59	124	1	18	1
59	124	1	18	1
59	124	1	18	1
58	126	1	19	1
59	126	1	19	4
59	126	1	19	4
59	126	1	19	4
58	126	1	19	1
59	126	1	19	4
59	125	1	19	3
59	126	1	19	4
58	126	1	19	1
58	126	1	19	1
59	125	1	19	3
59	125	1	19	3
59	125	1	19	3
59	125	1	19	3
59	125	1	19	3
59	125	1	19	3
59	125	1	19	3
58	125	1	19	2
58	125	1	19	2
59	125	1	20	1
59	125	1	20	1
59	125	1	20	1
59	125	1	20	1
59	125	1	20	1
59	125	1	20	1
59	125	1	20	1
60	125	1	20	2
60	125	1	20	2
60	125	1	20	2
60	125	1	20	2
60	125	1	20	2
60	125	1	20	2
59	125	1	20	1
59	125	1	20	1
59	125	1	20	1
59	125	1	21	1
59	125	1	21	1
59	125	1	21	1
59	125	1	21	1
59	125	1	21	1
60	125	1	21	3
59	125	1	21	1
59	125	1	21	1
59	125	1	21	1
59	125	1	21	1
60	125	1	21	3
59	125	1	21	1
59	125	1	21	1
59	125	1	21	1
59	125	1	21	1
59	125	1	21	1
59	124	1	21	2
59	125	1	21	1
59	125	1	21	1
59	125	1	21	1
59	125	1	21	1
59	125	1	21	1
61	125	1	22	1
61	125	1	22	1
61	125	1	22	1
60	125	1	22	3
61	125	1	22	1
60	126	1	22	4
60	125	1	22	3
60	125	1	22	3
60	125	1	22	3
60	125	1	22	3
60	125	1	22	3
60	125	1	22	3
60	125	1	22	3
60	125	1	22	3
60	125	1	22	3
60	125	1	22	3
61	125	1	22	1
61	125	1	22	1
61	124	1	22	2
61	126	1	23	1
61	126	1	23	1
61	125	1	23	2
61	126	1	23	1
61	126	1	23	1
61	126	1	23	1
61	125	1	23	2
61	125	1	23	2
61	125	1	23	2
61	125	1	23	2
61	125	1	23	2
61	125	1	23	2
61	125	1	23	2
61	125	1	23	2
61	125	1	23	2
61	125	1	23	2
62	125	1	23	3
61	125	1	23	2
62	125	1	23	3
62	125	1	23	3
62	125	1	23	3
62	125	1	23	3
62	125	1	23	3
62	126	1	24	2
62	126	1	24	1
62	126	1	24	1
63	125	1	24	3
63	125	1	24	3
63	125	1	24	3
63	125	1	24	3
62	125	1	24	2
62	126	1	24	1
63	126	1	24	4
62	125	1	24	2
62	125	1	24	2
62	125	1	24	2
62	125	1	24	2
62	125	1	24	2
62	125	1	24	2
62	125	1	24	2
62	125	1	24	2
62	125	1	24	2
62	125	1	24	2
63	125	1	24	3
63	125	1	24	3
62	125	1	24	2
62	126	1	24	1
62	125	1	24	2
62	126	1	24	1
62	126	1	24	1
62	125	1	24	2
62	126	1	25	1
63	127	1	25	3
63	126	1	25	2
63	126	1	25	2
63	126	1	25	2
63	127	1	25	3
63	127	1	25	3
63	126	1	25	2
62	126	1	25	1
63	126	1	25	2
63	126	1	25	2
62	126	1	25	1
62	126	1	25	1
62	126	1	25	1
62	126	1	25	1
63	126	1	25	2
63	126	1	25	2
63	126	1	25	2
63	126	1	25	2
98	76	2	1	0
97	74	2	1	1
97	74	2	1	1
97	74	2	1	1
97	74	2	1	1
97	74	2	1	1
97	74	2	1	1
97	74	2	1	1
97	74	2	1	1
97	74	2	1	1
97	74	2	1	1
97	74	2	2	1
97	74	2	2	1
97	74	2	2	1
97	74	2	2	1
97	74	2	2	1
97	74	2	2	1
97	74	2	2	1
97	74	2	2	1
97	74	2	2	1
97	74	2	2	1
97	74	2	2	1
97	74	2	2	1
97	74	2	2	1
97	73	2	2	2
98	75	2	3	1
97	74	2	3	2
97	74	2	3	2
97	74	2	3	2
97	74	2	3	2
97	74	2	3	2
97	75	2	3	3
97	75	2	3	3
97	75	2	3	3
98	75	2	3	1
98	75	2	3	1
98	75	2	3	1
98	75	2	3	1
98	74	2	4	1
97	74	2	4	3
97	74	2	4	3
97	74	2	4	3
97	74	2	4	3
97	74	2	4	3
97	74	2	4	3
98	74	2	4	1
98	74	2	4	1
98	73	2	4	2
98	73	2	4	2
98	74	2	4	1
97	75	2	5	1
98	75	2	5	3
98	75	2	5	3
97	76	2	5	2
97	76	2	5	2
98	76	2	5	3
98	76	2	5	3
98	75	2	5	3
98	75	2	5	3
97	75	2	5	1
97	75	2	5	1
97	75	2	5	1
97	75	2	5	1
97	75	2	5	1
97	75	2	5	1
97	75	2	5	1
97	75	2	5	1
97	75	2	5	1
97	75	2	5	1
98	75	2	5	3
98	75	2	5	3
98	76	2	6	1
98	76	2	6	1
98	76	2	6	1
98	77	2	6	2
98	77	2	6	2
98	76	2	6	1
98	76	2	6	1
98	76	2	6	1
98	76	2	6	1
98	76	2	6	1
98	76	2	6	1
98	76	2	6	1
98	76	2	6	1
98	76	2	6	1
98	75	2	7	1
98	75	2	7	1
98	75	2	7	1
98	75	2	7	1
98	75	2	7	1
98	75	2	7	1
99	74	2	7	3
99	74	2	7	3
99	74	2	7	3
99	74	2	7	3
98	74	2	7	2
98	74	2	7	2
98	74	2	7	2
98	75	2	7	1
98	75	2	7	1
98	75	2	7	1
98	75	2	7	1
98	75	2	7	1
96	76	2	8	1
97	76	2	8	2
96	76	2	8	1
97	76	2	8	2
97	77	2	8	3
97	77	2	8	3
97	77	2	8	3
97	77	2	8	3
97	76	2	8	2
97	76	2	8	2
97	76	2	8	2
97	76	2	8	2
97	76	2	8	2
97	76	2	8	2
99	75	2	9	2
99	75	2	9	1
99	76	2	9	2
99	75	2	9	1
99	75	2	9	1
100	75	2	9	4
100	76	2	9	5
100	76	2	9	5
100	76	2	9	5
100	76	2	9	5
100	76	2	9	5
99	76	2	9	2
99	76	2	9	2
99	76	2	9	2
99	76	2	9	2
99	77	2	9	3
99	77	2	9	3
99	76	2	9	2
99	76	2	9	2
96	74	2	10	1
96	74	2	10	1
97	74	2	10	3
97	74	2	10	3
96	74	2	10	1
96	74	2	10	1
96	74	2	10	1
96	74	2	10	1
96	74	2	10	1
96	74	2	10	1
96	73	2	10	2
96	73	2	10	2
96	73	2	10	2
96	73	2	10	2
96	73	2	10	2
97	74	2	10	3
97	74	2	10	3
98	77	2	11	1
98	77	2	11	1
98	76	2	11	2
98	76	2	11	2
98	77	2	11	1
98	77	2	11	1
98	77	2	11	1
98	77	2	11	1
98	77	2	11	1
98	77	2	11	1
98	77	2	11	1
98	77	2	11	1
98	78	2	11	3
98	78	2	11	3
98	78	2	11	3
98	77	2	11	1
98	77	2	11	1
97	77	2	11	4
96	76	2	12	1
96	76	2	12	1
96	76	2	12	1
95	76	2	12	2
95	74	2	12	3
95	76	2	12	2
94	74	2	12	4
93	73	2	12	5
98	76	2	13	1
98	76	2	13	1
98	76	2	13	1
98	76	2	13	1
98	76	2	13	1
98	76	2	13	1
98	76	2	13	1
98	76	2	13	1
98	76	2	13	1
98	76	2	13	1
98	76	2	13	1
98	76	2	13	1
98	76	2	13	1
99	75	2	14	2
99	75	2	14	1
99	75	2	14	1
99	76	2	14	2
98	76	2	14	3
99	76	2	14	2
99	75	2	14	1
99	75	2	14	1
99	75	2	14	1
99	75	2	14	1
99	75	2	14	1
96	75	2	15	1
96	76	2	15	2
96	76	2	15	2
96	76	2	15	2
96	75	2	15	1
96	76	2	15	2
96	75	2	15	1
96	75	2	15	1
97	75	2	15	3
97	75	2	15	3
97	75	2	15	3
96	75	2	15	1
96	75	2	15	1
100	77	2	16	1
100	77	2	16	1
101	79	2	16	2
101	78	2	16	3
100	79	2	16	4
99	78	2	16	5
89	90	3	1	0
89	90	3	1	1
89	91	3	1	2
89	90	3	1	1
89	90	3	1	1
89	90	3	1	1
89	90	3	1	1
89	90	3	1	1
89	90	3	1	1
89	90	3	1	1
89	90	3	1	1
89	90	3	1	1
89	90	3	1	1
89	90	3	1	1
90	91	3	2	1
89	91	3	2	3
89	91	3	2	3
89	91	3	2	3
89	91	3	2	3
89	91	3	2	3
89	90	3	2	4
89	91	3	2	3
89	90	3	2	4
90	91	3	2	1
90	91	3	2	1
90	91	3	2	1
90	91	3	2	1
90	91	3	2	1
90	91	3	2	1
90	91	3	2	1
90	91	3	2	1
91	90	3	2	5
90	91	3	2	1
91	90	3	2	5
90	92	3	2	2
88	90	3	3	1
88	90	3	3	1
88	90	3	3	1
88	90	3	3	1
88	91	3	3	2
88	91	3	3	2
88	90	3	3	1
88	91	3	3	2
88	91	3	3	2
88	91	3	3	2
88	91	3	3	2
88	90	3	3	1
88	91	3	3	2
88	90	3	3	1
88	90	3	3	1
88	91	3	3	2
88	90	3	3	1
88	91	3	3	2
89	90	3	4	1
89	90	3	4	1
89	90	3	4	1
89	90	3	4	1
89	90	3	4	1
89	90	3	4	1
89	90	3	4	1
89	90	3	4	1
88	90	3	4	2
89	90	3	4	1
88	90	3	4	2
89	90	3	4	1
88	90	3	4	2
88	90	3	4	2
89	91	3	5	1
89	91	3	5	1
89	91	3	5	1
89	91	3	5	1
89	91	3	5	1
89	91	3	5	1
89	91	3	5	1
89	91	3	5	1
89	91	3	5	1
89	91	3	5	1
89	91	3	5	1
89	91	3	5	1
89	91	3	5	1
89	91	3	5	1
89	92	3	5	2
88	91	3	5	3
88	92	3	5	4
88	92	3	5	4
88	92	3	5	4
88	92	3	5	4
88	92	3	5	4
88	92	3	5	4
89	91	3	5	1
88	92	3	5	4
89	90	3	6	1
89	90	3	6	1
89	90	3	6	1
89	90	3	6	1
90	90	3	6	4
90	91	3	6	5
90	90	3	6	4
90	90	3	6	4
89	90	3	6	1
89	90	3	6	1
89	90	3	6	1
90	90	3	6	4
89	90	3	6	1
89	90	3	6	1
89	90	3	6	1
89	89	3	6	2
89	90	3	6	1
90	89	3	6	3
89	89	3	6	2
90	89	3	6	3
90	89	3	6	3
91	90	3	6	6
91	90	3	6	6
91	90	3	6	6
88	90	3	7	1
88	90	3	7	1
89	90	3	7	4
88	90	3	7	1
88	90	3	7	1
88	90	3	7	1
88	90	3	7	1
88	90	3	7	1
88	90	3	7	1
87	90	3	7	3
87	90	3	7	3
87	90	3	7	3
88	90	3	7	1
88	89	3	7	2
88	90	3	7	1
88	89	3	7	2
88	89	3	7	2
88	89	3	7	2
88	89	3	7	2
88	89	3	7	2
88	90	3	7	1
88	90	3	7	1
88	90	3	7	1
86	88	3	7	1
87	89	3	7	6
86	88	3	7	1
86	90	3	7	4
89	89	3	7	7
86	91	3	7	5
87	89	3	7	6
86	87	3	7	3
86	86	3	7	2
86	86	3	7	2
55	124	4	1	0
54	125	4	1	2
53	124	4	1	7
54	125	4	1	2
54	124	4	1	3
54	124	4	1	3
54	124	4	1	3
54	125	4	1	2
54	125	4	1	2
54	125	4	1	2
52	125	4	1	6
51	125	4	1	5
50	124	4	1	4
54	125	4	2	1
54	125	4	2	1
54	125	4	2	1
54	125	4	2	1
54	125	4	2	1
54	125	4	2	1
54	125	4	2	1
54	125	4	2	1
54	125	4	2	1
54	125	4	2	1
54	125	4	2	1
54	125	4	2	1
54	124	4	3	1
54	124	4	3	1
54	125	4	3	2
54	124	4	3	1
54	124	4	3	1
54	124	4	3	1
54	124	4	3	1
54	124	4	3	1
54	124	4	3	1
55	124	4	3	3
55	124	4	3	3
54	125	4	3	2
55	124	4	3	3
55	124	4	3	3
55	124	4	3	3
55	124	4	3	3
55	124	4	3	3
55	124	4	3	3
55	124	4	3	3
55	124	4	3	3
55	124	4	3	3
55	124	4	3	3
55	123	4	4	1
54	124	4	4	4
54	124	4	4	4
55	123	4	4	1
55	123	4	4	1
55	123	4	4	1
55	123	4	4	1
55	124	4	4	2
55	123	4	4	1
55	123	4	4	1
55	123	4	4	1
54	123	4	4	3
54	123	4	4	3
54	123	4	4	3
56	124	4	5	1
55	124	4	5	4
55	124	4	5	4
55	124	4	5	4
56	124	4	5	1
55	124	4	5	4
55	124	4	5	4
55	124	4	5	4
55	124	4	5	4
56	124	4	5	1
56	124	4	5	1
55	124	4	5	4
56	124	4	5	1
56	124	4	5	1
56	124	4	5	1
56	124	4	5	1
55	124	4	5	4
56	123	4	5	2
55	123	4	5	3
55	123	4	5	3
55	125	4	6	1
55	125	4	6	1
55	125	4	6	1
55	125	4	6	1
56	125	4	6	3
56	125	4	6	3
56	125	4	6	3
55	125	4	6	1
55	125	4	6	1
55	125	4	6	1
55	125	4	6	1
55	126	4	6	2
55	125	4	6	1
56	126	4	6	4
56	125	4	6	3
56	126	4	6	4
56	125	4	6	3
56	125	4	6	3
56	125	4	6	3
56	125	4	6	3
56	125	4	6	3
55	125	4	6	1
55	125	4	6	1
56	126	4	7	1
55	126	4	7	3
55	126	4	7	3
55	126	4	7	3
56	126	4	7	1
56	126	4	7	1
56	126	4	7	1
56	126	4	7	1
55	126	4	7	3
56	126	4	7	1
56	127	4	7	2
56	126	4	7	1
56	127	4	7	2
55	126	4	8	1
55	127	4	8	5
55	126	4	8	1
54	126	4	8	3
54	126	4	8	3
54	126	4	8	3
55	126	4	8	1
55	126	4	8	1
55	125	4	8	2
55	125	4	8	2
55	125	4	8	2
55	125	4	8	2
55	125	4	8	2
55	125	4	8	2
55	125	4	8	2
55	125	4	8	2
55	125	4	8	2
54	127	4	8	4
55	128	4	8	6
55	127	4	8	5
55	127	4	8	5
54	127	4	8	4
51	130	4	9	1
51	131	4	9	4
51	130	4	9	1
51	129	4	9	3
51	128	4	9	2
50	128	4	9	8
50	129	4	9	9
50	130	4	9	10
50	131	4	9	11
50	132	4	9	12
51	131	4	9	4
48	131	4	9	6
49	130	4	9	7
47	128	4	9	5
54	124	4	10	1
50	126	4	10	7
21	135	4	10	3
21	132	4	10	2
46	119	4	10	5
51	120	4	10	8
48	120	4	10	6
38	129	4	10	4
58	74	5	1	0
60	74	5	1	1
59	74	5	1	3
60	74	5	1	1
59	74	5	1	3
60	74	5	1	1
60	74	5	1	1
60	74	5	1	1
60	74	5	1	1
60	74	5	1	1
60	74	5	1	1
60	74	5	1	1
60	74	5	1	1
60	73	5	1	2
60	73	5	1	2
59	74	5	2	1
59	74	5	2	1
59	74	5	2	1
59	74	5	2	1
59	74	5	2	1
59	74	5	2	1
58	74	5	2	2
58	74	5	2	2
59	74	5	2	1
58	74	5	2	2
59	74	5	2	1
59	74	5	2	1
59	74	5	2	1
59	74	5	2	1
58	73	5	2	3
58	74	5	2	2
58	74	5	2	2
59	74	5	2	1
58	75	5	2	4
59	73	5	3	1
59	74	5	3	2
59	74	5	3	2
59	74	5	3	2
59	74	5	3	2
59	73	5	3	1
59	74	5	3	2
59	74	5	3	2
59	74	5	3	2
59	74	5	3	2
59	74	5	3	2
59	74	5	3	2
59	74	5	3	2
59	74	5	3	2
59	73	5	3	1
59	73	5	3	1
58	73	5	3	3
59	75	5	4	1
59	74	5	4	2
59	74	5	4	2
59	75	5	4	1
59	74	5	4	2
59	74	5	4	2
59	74	5	4	2
59	75	5	4	1
59	75	5	4	1
59	75	5	4	1
59	75	5	4	1
58	75	5	4	4
59	75	5	4	1
60	74	5	4	6
60	75	5	4	5
59	75	5	4	1
59	75	5	4	1
60	75	5	4	5
60	75	5	4	5
60	74	5	4	6
59	75	5	4	1
59	75	5	4	1
59	75	5	4	1
59	75	5	4	1
59	75	5	4	1
60	75	5	4	5
59	76	5	4	3
59	76	5	4	3
57	74	5	5	1
57	74	5	5	1
57	74	5	5	1
57	74	5	5	1
57	74	5	5	1
57	74	5	5	1
57	74	5	5	1
57	75	5	5	3
57	75	5	5	3
58	76	5	5	7
58	76	5	5	7
58	76	5	5	7
58	75	5	5	8
58	75	5	5	8
58	75	5	5	8
57	75	5	5	3
56	76	5	5	6
57	73	5	5	2
57	73	5	5	2
55	74	5	5	4
56	75	5	5	5
58	75	5	5	8
67	100	6	1	0
68	100	6	1	2
68	100	6	1	2
68	100	6	1	2
68	100	6	1	2
69	100	6	1	3
69	100	6	1	3
69	100	6	1	3
68	100	6	1	2
68	100	6	1	2
68	100	6	1	2
68	100	6	1	2
68	101	6	1	3
68	100	6	1	2
68	100	6	1	2
68	100	6	1	2
69	100	6	1	4
69	99	6	1	5
68	100	6	2	1
68	100	6	2	1
68	100	6	2	1
68	100	6	2	1
68	100	6	2	1
68	100	6	2	1
68	99	6	2	2
68	100	6	2	1
68	100	6	2	1
68	100	6	2	1
68	100	6	2	1
68	100	6	2	1
67	100	6	2	4
67	100	6	2	4
68	100	6	2	1
68	100	6	2	1
68	99	6	2	2
67	99	6	2	3
67	100	6	3	1
67	99	6	3	4
67	100	6	3	1
67	100	6	3	1
67	99	6	3	4
67	100	6	3	1
67	100	6	3	1
67	100	6	3	1
67	100	6	3	1
67	100	6	3	1
67	100	6	3	1
67	100	6	3	1
67	100	6	3	1
67	100	6	3	1
67	101	6	3	2
67	101	6	3	2
67	99	6	3	4
66	99	6	3	5
66	99	6	3	5
67	98	6	3	3
67	100	6	3	1
67	100	6	3	1
67	101	6	3	2
68	101	6	3	6
67	101	6	4	1
66	99	6	4	2
66	100	6	4	3
66	101	6	4	4
66	101	6	4	4
66	101	6	4	4
66	101	6	4	4
67	101	6	4	1
68	101	6	4	5
67	102	6	4	1
68	101	6	4	5
67	100	6	4	1
68	100	6	5	1
68	100	6	5	1
68	101	6	5	2
68	101	6	5	2
68	100	6	5	1
68	101	6	5	2
68	101	6	5	2
68	103	6	5	4
68	102	6	5	3
68	102	6	5	3
68	102	6	5	3
68	101	6	5	2
68	101	6	5	2
102	84	7	1	0
102	84	7	1	1
102	84	7	1	1
102	84	7	1	1
102	84	7	1	1
102	84	7	1	1
102	84	7	1	1
102	84	7	1	1
102	84	7	1	1
102	84	7	1	1
101	84	7	1	3
102	84	7	1	1
102	85	7	1	1
102	84	7	1	1
102	85	7	1	2
102	84	7	2	1
102	84	7	2	1
102	84	7	2	1
102	84	7	2	1
102	83	7	2	1
102	84	7	2	1
102	84	7	2	1
102	84	7	2	1
101	84	7	2	3
101	84	7	2	3
101	84	7	2	3
102	83	7	2	2
102	83	7	2	2
102	83	7	2	2
102	83	7	2	2
104	83	7	3	1
104	83	7	3	1
104	83	7	3	1
104	83	7	3	1
104	83	7	3	1
104	83	7	3	1
104	83	7	3	1
104	84	7	3	2
104	83	7	3	1
104	84	7	3	2
103	85	7	4	1
102	86	7	4	4
102	86	7	4	4
102	86	7	4	4
104	85	7	4	5
103	85	7	4	1
103	85	7	4	1
103	84	7	4	3
103	83	7	4	2
101	84	7	5	1
102	81	7	5	12
98	84	7	5	4
101	81	7	5	2
100	84	7	5	9
102	80	7	5	11
102	83	7	5	13
100	82	7	5	8
100	86	7	5	10
99	86	7	5	7
98	85	7	5	5
98	83	7	5	3
99	83	7	5	6
66	103	8	1	0
66	103	8	1	1
66	106	8	1	3
65	105	8	1	9
66	105	8	1	2
67	104	8	1	12
65	103	8	1	7
64	104	8	1	5
65	106	8	1	10
64	108	8	1	6
65	107	8	1	11
63	108	8	1	4
65	103	8	1	7
65	104	8	1	8
65	104	8	1	8
65	104	8	1	8
60	120	9	1	0
60	121	9	2	1
60	121	9	2	1
60	121	9	2	1
60	121	9	2	1
60	121	9	2	1
60	121	9	2	1
61	121	9	2	2
60	121	9	2	1
61	121	9	2	2
60	121	9	2	1
61	121	9	2	2
60	120	9	1	1
60	120	9	1	1
61	120	9	1	3
61	120	9	1	3
60	120	9	1	1
60	120	9	1	1
60	120	9	1	1
59	120	9	2	
60	120	9	2	
61	120	9	1	3
61	120	9	1	3
61	120	9	1	3
60	121	9	1	2
61	121	9	3	1
61	120	9	3	2
60	120	9	3	3
60	120	9	3	3
60	120	9	3	3
60	121	9	3	4
61	120	9	3	2
61	121	9	3	1
61	120	9	3	2
61	120	9	3	2
61	121	9	3	1
61	120	9	4	1
61	120	9	4	1
61	120	9	4	1
61	120	9	4	1
61	120	9	4	1
61	120	9	4	1
62	120	9	4	3
61	120	9	4	1
61	120	9	4	1
61	121	9	4	2
62	121	9	4	4
63	124	9	5	1
63	124	9	5	1
63	124	9	5	1
63	124	9	5	1
62	124	9	5	3
63	124	9	5	1
63	124	9	5	1
63	124	9	5	1
63	124	9	5	1
62	124	9	5	3
63	124	9	5	1
63	124	9	5	1
63	124	9	5	1
62	124	9	5	3
63	125	9	5	2
62	124	9	5	3
62	124	9	5	3
62	124	9	5	3
63	124	9	6	1
63	124	9	6	1
63	124	9	6	1
63	124	9	6	1
63	124	9	6	1
63	124	9	6	1
63	124	9	6	1
63	124	9	6	1
63	124	9	6	1
63	124	9	6	1
63	124	9	6	1
63	123	9	6	2
62	123	9	7	1
63	122	9	7	3
62	123	9	7	1
62	122	9	7	2
62	122	9	7	2
62	122	9	7	2
62	122	9	7	2
62	122	9	7	2
62	122	9	7	2
62	123	9	7	1
63	123	9	7	4
62	123	9	7	1
62	123	9	7	1
63	123	9	7	4
62	123	9	7	1
63	123	9	7	4
62	123	9	7	1
62	123	9	7	1
62	123	9	7	1
62	122	9	7	2
62	122	9	7	2
62	122	9	7	2
62	123	9	7	1
61	130	9	8	1
61	131	9	8	2
61	130	9	8	1
61	130	9	8	1
61	130	9	8	1
61	130	9	8	1
61	130	9	8	1
61	130	9	8	1
61	131	9	8	2
62	130	9	8	3
62	130	9	8	3
61	131	9	8	2
61	131	9	8	2
61	130	9	8	1
61	130	9	8	1
61	131	9	8	2
59	123	9	9	1
59	123	9	9	1
59	123	9	9	1
59	123	9	9	1
59	123	9	9	1
59	123	9	9	1
59	123	9	9	1
59	123	9	9	1
59	123	9	9	1
59	123	9	9	1
59	123	9	9	1
59	123	9	9	1
58	123	9	9	2
59	123	9	9	1
59	123	9	9	1
59	123	9	10	1
59	123	9	10	1
59	123	9	10	1
59	123	9	10	1
59	123	9	10	1
59	123	9	10	1
60	123	9	10	3
60	123	9	10	3
60	123	9	10	3
60	123	9	10	3
60	123	9	10	3
60	123	9	10	3
60	122	9	10	2
59	123	9	10	1
60	122	9	10	2
59	123	9	10	1
60	123	9	10	3
60	123	9	10	3
56	125	9	11	1
56	125	9	11	1
57	125	9	11	3
56	125	9	11	1
57	125	9	11	3
57	125	9	11	3
57	125	9	11	3
57	125	9	11	3
57	125	9	11	3
57	125	9	11	3
57	126	9	11	3
56	125	9	11	1
56	125	9	11	1
56	125	9	11	1
56	125	9	11	1
56	125	9	11	1
56	125	9	11	1
56	125	9	11	1
56	125	9	11	1
56	125	9	11	1
56	125	9	11	1
56	125	9	11	1
56	125	9	11	1
57	125	9	11	3
57	125	9	11	3
57	125	9	11	3
57	125	9	11	3
57	125	9	11	3
56	125	9	11	1
56	125	9	11	1
57	126	9	11	4
57	126	9	11	4
57	126	9	11	4
57	126	9	11	4
57	126	9	11	4
57	126	9	11	4
56	126	9	11	2
58	125	9	12	1
58	125	9	12	1
58	125	9	12	1
58	125	9	12	1
58	125	9	12	1
58	125	9	12	1
58	125	9	12	1
58	125	9	12	1
58	125	9	12	1
58	125	9	12	1
58	125	9	12	1
58	125	9	12	1
58	124	9	12	3
58	124	9	12	3
58	124	9	12	3
58	124	9	12	3
58	124	9	12	3
58	124	9	12	3
58	123	9	12	2
62	114	9	13	1
61	114	9	13	8
59	114	9	13	5
58	114	9	13	4
62	117	9	13	3
61	117	9	13	11
61	115	9	13	9
60	115	9	13	7
59	115	9	13	6
59	114	9	13	5
61	116	9	13	10
61	116	9	13	10
62	115	9	13	2
61	116	9	13	10
61	116	9	13	10
61	116	9	13	10
61	116	9	13	10
62	114	9	13	1
62	114	9	13	1
62	114	9	13	1
62	114	9	13	1
62	114	9	13	1
62	114	9	13	1
61	134	9	14	1
61	134	9	14	1
61	134	9	14	1
61	134	9	14	1
61	134	9	14	1
61	134	9	14	1
61	134	9	14	1
61	135	9	14	2
61	134	9	14	1
58	121	9	15	1
58	121	9	15	1
58	121	9	15	1
58	121	9	15	1
58	121	9	15	1
58	121	9	15	1
58	121	9	15	1
58	121	9	15	1
58	121	9	15	1
58	122	9	15	2
58	122	9	15	2
58	121	9	15	1
59	121	9	15	3
58	122	9	15	2
57	121	9	16	1
57	122	9	16	2
57	121	9	16	1
57	121	9	16	1
57	121	9	16	1
57	122	9	16	2
57	121	9	16	1
57	122	9	16	2
57	121	9	16	1
57	122	9	16	2
57	122	9	16	2
57	122	9	16	2
53	120	9	16	3
57	128	9	17	1
57	129	9	17	2
58	129	9	17	5
58	128	9	17	4
57	129	9	17	2
57	128	9	17	1
59	128	9	17	6
58	128	9	17	4
58	128	9	17	4
59	130	9	17	7
58	129	9	17	5
57	128	9	17	1
57	128	9	17	1
57	128	9	17	1
57	128	9	17	1
57	128	9	17	1
57	128	9	17	1
57	128	9	17	1
58	127	9	17	3
58	127	9	17	3
56	129	9	18	1
57	129	9	18	4
56	129	9	18	1
56	129	9	18	1
57	129	9	18	4
57	128	9	18	3
57	128	9	18	3
57	129	9	18	4
56	128	9	18	2
56	128	9	18	2
56	128	9	18	2
57	130	9	18	5
56	129	9	19	1
56	129	9	19	1
56	129	9	19	1
56	129	9	19	1
56	129	9	19	1
56	129	9	19	1
56	129	9	19	1
56	129	9	19	1
56	129	9	19	1
56	129	9	19	1
60	124	9	20	1
60	124	9	20	1
60	123	9	20	2
60	124	9	20	1
60	124	9	20	1
60	124	9	20	1
60	124	9	20	1
62	127	9	21	1
62	128	9	21	2
63	128	9	21	4
63	128	9	21	4
62	127	9	21	1
63	127	9	21	3
63	127	9	21	3
63	127	9	21	3
63	127	9	21	3
64	128	9	22	1
64	127	9	22	2
63	130	9	22	9
65	129	9	22	11
63	129	9	22	8
64	130	9	22	4
62	129	9	22	6
66	130	9	22	12
65	126	9	22	10
63	128	9	22	7
64	129	9	22	3
64	128	9	22	1
64	128	9	22	1
63	128	9	22	7
63	128	9	22	7
63	128	9	22	7
62	128	9	22	5
62	118	9	23	1
62	118	9	23	1
61	118	9	23	4
61	118	9	23	4
61	118	9	23	4
61	117	9	23	3
62	117	9	23	2
57	123	9	24	1
57	124	9	24	3
57	124	9	24	3
57	123	9	24	1
57	124	9	24	3
57	123	9	24	1
58	123	9	24	6
57	122	9	24	2
56	123	9	24	5
56	122	9	24	4
56	122	9	24	4
56	122	9	24	4
56	122	9	24	4
56	122	9	24	4
57	124	9	24	3
57	123	9	24	1
57	123	9	24	1
57	122	9	24	2
59	122	9	25	1
59	122	9	25	1
59	122	9	25	1
59	122	9	25	1
59	122	9	25	1
59	122	9	25	1
59	122	9	25	1
59	122	9	25	1
59	122	9	25	1
59	122	9	25	1
59	122	9	25	1
59	122	9	25	1
60	122	9	26	1
60	122	9	26	1
60	121	9	26	2
60	122	9	26	1
60	123	9	26	3
60	123	9	26	3
60	123	9	26	3
64	126	9	27	1
64	126	9	27	1
64	126	9	27	1
64	126	9	27	1
64	126	9	27	1
64	126	9	27	1
64	126	9	27	1
63	126	9	27	4
63	126	9	27	4
63	125	9	27	3
64	126	9	27	1
63	126	9	27	4
64	127	9	27	2
63	127	9	27	5
64	119	9	28	1
64	120	9	28	3
64	122	9	28	4
63	117	9	28	5
64	117	9	28	2
66	118	9	28	7
67	118	9	28	8
65	120	9	28	6
64	119	9	28	1
64	119	9	28	1
64	120	9	28	3
64	119	9	28	1
62	120	9	29	1
62	120	9	29	1
62	120	9	29	1
63	120	9	29	3
62	120	9	29	1
62	120	9	29	1
62	120	9	29	1
62	121	9	29	2
62	121	9	29	2
63	120	9	29	3
63	120	9	29	3
62	121	9	29	2
62	121	9	30	1
62	121	9	30	1
62	121	9	30	1
62	121	9	30	1
62	122	9	30	2
62	122	9	30	2
62	122	9	30	2
62	121	9	30	1
62	121	9	30	1
62	121	9	30	1
56	131	9	31	1
56	133	9	31	3
57	132	9	31	9
58	133	9	31	13
57	130	9	31	8
57	132	9	31	9
55	132	9	31	5
58	131	9	31	12
57	134	9	31	10
59	135	9	31	14
56	134	9	31	4
55	133	9	31	6
57	135	9	31	11
55	135	9	31	7
56	131	9	31	1
56	131	9	31	1
56	131	9	31	1
56	131	9	31	1
56	130	9	31	2
56	130	9	31	2
56	130	9	31	2
68	121	9	32	1
71	117	9	32	11
69	121	9	32	8
67	121	9	32	4
69	122	9	32	9
68	119	9	32	2
66	120	9	32	3
69	119	9	32	7
69	118	9	32	6
69	117	9	32	5
70	117	9	32	10
68	121	9	32	1
68	121	9	32	1
68	121	9	32	1
68	121	9	32	1
65	115	9	33	1
63	114	9	33	5
65	115	9	33	1
66	114	9	33	10
65	113	9	33	2
64	114	9	33	7
64	115	9	33	8
64	116	9	33	9
63	115	9	33	6
69	116	9	33	13
68	116	9	33	12
67	116	9	33	11
65	116	9	33	4
65	115	9	33	1
65	114	9	33	3
65	115	9	33	1
55	128	9	34	1
53	129	9	34	8
56	127	9	34	10
54	129	9	34	5
53	128	9	34	7
53	130	9	34	9
54	130	9	34	6
55	128	9	34	1
55	128	9	34	1
55	128	9	34	1
55	127	9	34	2
55	128	9	34	1
54	128	9	34	4
55	129	9	34	3
57	119	9	35	1
59	119	9	35	9
57	116	9	35	2
59	117	9	35	7
57	119	9	35	1
59	120	9	35	10
58	119	9	35	5
56	119	9	35	4
56	119	9	35	4
55	118	9	35	3
59	118	9	35	8
57	116	9	35	2
59	116	9	35	6
60	118	9	35	11
62	118	9	35	14
61	119	9	35	13
61	119	9	35	13
61	119	9	35	13
61	119	9	35	13
60	119	9	35	12
61	119	9	35	13
62	119	9	35	15
62	119	9	35	15
61	119	9	35	13
62	119	9	35	15
65	123	9	36	1
64	122	9	36	4
65	123	9	36	1
66	122	9	36	8
66	121	9	36	7
66	125	9	36	9
65	125	9	36	3
64	124	9	36	6
65	123	9	36	1
65	124	9	36	2
64	123	9	36	5
61	131	9	37	1
60	132	9	37	5
61	133	9	37	3
60	134	9	37	6
60	132	9	37	5
59	130	9	37	4
61	131	9	37	1
62	132	9	37	7
61	133	9	37	3
61	132	9	37	2
61	133	9	37	3
62	132	9	37	7
64	134	9	38	1
63	132	9	38	6
64	134	9	38	1
64	131	9	38	2
63	133	9	38	7
64	135	9	38	3
63	136	9	38	8
64	136	9	38	4
66	135	9	38	11
66	137	9	38	12
65	138	9	38	10
64	140	9	38	5
65	134	9	38	9
64	134	9	38	1
63	133	9	38	7
71	121	9	39	1
70	119	9	39	4
72	119	9	39	8
70	122	9	39	6
69	123	9	39	3
70	121	9	39	5
70	123	9	39	7
72	122	9	39	9
73	120	9	39	10
68	123	9	39	2
71	121	9	39	1
71	121	9	39	1
71	121	9	39	1
61	138	9	40	1
61	138	9	40	1
61	137	9	40	3
60	138	9	40	7
61	136	9	40	2
59	137	9	40	5
60	137	9	40	6
60	137	9	40	6
62	140	9	40	9
60	139	9	40	8
58	136	9	40	4
69	133	9	41	1
69	132	9	41	3
69	129	9	41	2
67	131	9	41	5
66	132	9	41	4
66	132	9	41	4
70	134	9	41	6
69	125	9	42	1
69	125	9	42	1
69	125	9	42	1
67	125	9	42	4
66	126	9	42	2
68	126	9	42	5
66	128	9	42	3
72	126	9	42	9
72	127	9	42	10
73	124	9	42	11
71	125	9	42	8
70	125	9	42	7
70	124	9	42	6
73	134	10	1	0
73	134	10	1	1
73	135	10	1	3
73	134	10	1	1
74	131	10	1	10
72	132	10	1	7
70	130	10	1	4
72	134	10	1	9
71	137	10	1	6
75	136	10	1	11
73	133	10	1	2
71	132	10	1	5
73	134	10	1	1
73	134	10	1	1
73	134	10	1	1
72	134	10	1	9
73	134	10	1	1
73	134	10	1	1
73	134	10	1	1
73	134	10	1	1
73	133	10	1	2
73	133	10	1	2
73	134	10	1	1
73	133	10	1	2
73	133	10	1	2
72	133	10	1	8
73	134	10	1	1
76	122	10	2	1
74	121	10	2	7
78	124	10	2	12
76	124	10	2	5
75	122	10	2	8
73	119	10	2	6
76	118	10	2	2
76	121	10	2	3
78	121	10	2	11
79	120	10	2	13
77	122	10	2	9
77	122	10	2	9
77	122	10	2	9
77	122	10	2	9
77	122	10	2	9
77	122	10	2	9
77	122	10	2	9
77	122	10	2	9
76	122	10	2	1
76	123	10	2	4
77	122	10	2	9
77	123	10	2	10
77	122	10	2	9
77	122	10	2	9
76	122	10	2	1
77	122	10	2	9
92	131	10	3	1
91	134	10	3	6
92	131	10	3	1
92	130	10	3	2
92	131	10	3	1
94	131	10	3	9
95	129	10	3	10
92	133	10	3	4
92	134	10	3	5
92	131	10	3	1
93	132	10	3	8
93	132	10	3	8
92	132	10	3	3
93	132	10	3	8
93	132	10	3	8
93	132	10	3	8
93	132	10	3	8
93	132	10	3	8
92	131	10	3	1
93	131	10	3	7
93	132	10	3	8
92	132	10	3	3
97	127	10	4	1
97	127	10	4	1
97	126	10	4	2
97	126	10	4	2
96	127	10	4	4
96	127	10	4	4
96	127	10	4	4
97	127	10	4	1
97	126	10	4	2
96	127	10	4	4
96	126	10	4	3
95	119	10	5	1
95	119	10	5	1
95	119	10	5	1
95	119	10	5	1
95	119	10	5	1
94	118	10	5	3
95	117	10	5	2
95	117	10	5	2
96	118	10	5	4
87	141	10	6	1
87	141	10	6	1
87	141	10	6	1
87	141	10	6	1
87	141	10	6	1
87	141	10	6	1
87	141	10	6	1
87	141	10	6	1
87	140	10	6	2
98	125	10	7	1
96	120	10	7	5
101	119	10	7	10
99	124	10	7	9
94	123	10	7	4
98	123	10	7	3
97	124	10	7	7
98	119	10	7	2
96	123	10	7	6
98	125	10	7	1
98	125	10	7	1
98	125	10	7	1
97	125	10	7	8
75	130	10	8	1
75	130	10	8	1
77	131	10	8	5
78	134	10	8	6
79	132	10	8	7
81	130	10	8	8
76	129	10	8	4
73	128	10	8	3
72	129	10	8	2
75	130	10	8	1
84	132	10	8	9
77	125	10	9	1
77	125	10	9	1
79	125	10	9	4
80	124	10	9	7
81	126	10	9	9
79	127	10	9	5
80	127	10	9	8
77	126	10	9	2
75	125	10	9	3
80	123	10	9	6
86	119	10	10	1
86	119	10	10	1
92	118	10	10	8
89	118	10	10	7
88	118	10	10	6
85	120	10	10	5
85	119	10	10	4
83	120	10	10	3
82	121	10	10	2
82	121	10	10	2
84	123	10	11	1
84	123	10	11	1
86	122	10	11	6
84	124	10	11	2
85	126	10	11	4
84	128	10	11	3
85	128	10	11	5
87	129	10	11	7
89	130	10	11	8
89	123	10	12	1
89	123	10	12	1
92	120	10	12	7
92	120	10	12	7
89	120	10	12	2
90	121	10	12	4
89	125	10	12	3
92	126	10	12	8
91	123	10	12	6
90	125	10	12	5
65	139	10	13	1
64	141	10	13	2
67	142	10	13	4
65	139	10	13	1
64	141	10	13	2
67	140	10	13	3
68	141	10	13	6
67	143	10	13	5
69	143	10	13	7
73	143	10	13	9
71	143	10	13	8
75	143	10	13	10
72	139	10	14	1
72	139	10	14	1
74	137	10	14	5
71	138	10	14	3
71	140	10	14	4
69	138	10	14	2
77	139	10	15	1
77	139	10	15	1
78	139	10	15	3
78	141	10	15	4
76	141	10	15	2
79	143	10	15	5
80	138	10	16	1
80	138	10	16	1
79	136	10	16	2
81	139	10	16	3
83	136	10	16	6
81	141	10	16	4
82	134	10	16	5
85	145	10	17	1
85	145	10	17	1
85	146	10	17	2
84	147	10	17	4
86	144	10	17	5
87	142	10	17	6
82	146	10	17	3
88	138	10	18	1
88	138	10	18	1
87	138	10	18	2
88	138	10	18	1
89	137	10	18	4
90	136	10	18	5
87	140	10	18	3
69	107	11	1	0
69	106	11	1	1
71	106	11	1	5
72	107	11	1	6
70	105	11	1	4
69	106	11	1	1
69	104	11	1	3
69	107	11	1	2
69	107	11	1	2
69	107	11	1	2
69	106	11	1	1
69	106	11	1	1
69	107	11	1	2
69	106	11	1	1
69	106	11	1	1
69	107	11	2	1
68	105	11	2	4
68	103	11	2	3
69	107	11	2	1
69	106	11	2	2
68	107	11	2	6
69	106	11	2	2
69	106	11	2	2
69	106	11	2	2
69	106	11	2	2
69	106	11	2	2
68	106	11	2	5
67	106	11	3	1
66	106	11	3	3
67	106	11	3	1
67	107	11	3	2
69	107	11	3	6
68	107	11	3	4
68	106	11	3	5
68	106	11	3	5
68	107	11	3	4
68	107	11	3	4
68	106	11	3	5
68	107	11	3	4
69	107	11	4	1
70	109	11	4	4
68	109	11	4	2
70	109	11	4	4
69	107	11	4	1
69	107	11	4	1
69	107	11	4	1
69	107	11	4	1
69	108	11	4	3
76	114	11	5	1
74	114	11	5	8
77	113	11	5	12
78	111	11	5	16
75	114	11	5	9
73	114	11	5	5
73	116	11	5	6
73	117	11	5	7
75	115	11	5	10
76	116	11	5	3
77	115	11	5	14
77	116	11	5	15
76	117	11	5	4
75	117	11	5	11
77	114	11	5	13
77	114	11	5	13
76	114	11	5	1
77	114	11	5	13
77	114	11	5	13
76	114	11	5	1
77	114	11	5	13
76	114	11	5	1
76	114	11	5	1
76	114	11	5	1
77	114	11	5	13
76	115	11	5	2
81	118	11	6	1
80	118	11	6	7
81	116	11	6	4
81	115	11	6	3
81	113	11	6	2
81	113	11	6	2
79	112	11	6	6
78	118	11	6	5
82	119	11	6	9
81	118	11	6	1
81	118	11	6	1
81	118	11	6	1
81	118	11	6	1
81	118	11	6	1
81	118	11	6	1
82	118	11	6	8
81	118	11	6	1
81	118	11	6	1
73	103	11	7	1
73	103	11	7	1
75	104	11	7	10
74	103	11	7	8
75	102	11	7	9
74	102	11	7	7
73	101	11	7	2
73	103	11	7	1
71	102	11	7	4
71	104	11	7	5
72	105	11	7	6
73	105	11	7	3
71	99	11	8	1
71	99	11	8	1
71	99	11	8	1
72	101	11	8	5
72	101	11	8	5
74	100	11	8	6
74	100	11	8	6
71	98	11	8	4
70	99	11	8	2
70	100	11	8	3
74	97	11	9	1
74	97	11	9	1
75	99	11	9	7
77	98	11	9	10
78	98	11	9	11
77	97	11	9	9
77	96	11	9	8
74	96	11	9	3
74	93	11	9	2
73	95	11	9	5
72	95	11	9	4
73	98	11	9	6
71	110	11	10	1
71	110	11	10	1
71	110	11	10	1
68	111	11	11	1
68	111	11	11	1
69	113	11	11	6
70	111	11	11	7
68	110	11	11	2
67	112	11	11	5
68	113	11	11	3
68	114	11	11	4
74	111	11	12	1
74	111	11	12	1
76	111	11	12	9
77	111	11	12	10
78	110	11	12	11
75	110	11	12	7
74	110	11	12	2
73	107	11	12	5
72	110	11	12	3
72	111	11	12	4
73	111	11	12	6
75	112	11	12	8
72	113	11	13	1
72	113	11	13	1
71	114	11	13	6
74	113	11	13	9
72	112	11	13	2
70	113	11	13	5
69	114	11	13	3
69	115	11	13	4
71	115	11	13	7
71	117	11	13	8
84	115	11	14	1
84	115	11	14	1
83	116	11	14	6
84	113	11	14	2
84	115	11	14	1
86	117	11	14	7
84	117	11	14	3
83	114	11	14	5
83	113	11	14	4
68	100	12	1	0
63	110	12	1	1
65	110	12	1	5
63	108	12	1	2
62	108	12	1	3
65	111	12	1	6
65	109	12	1	4
65	109	12	1	4
66	109	12	1	7
66	110	12	1	8
63	110	12	1	1
63	110	12	1	1
63	110	12	1	1
63	110	12	1	1
63	110	12	1	1
63	110	12	1	1
63	110	12	1	1
63	110	12	1	1
63	110	12	1	1
63	112	12	2	1
63	113	12	2	4
64	112	12	2	6
63	112	12	2	1
64	113	12	2	7
63	110	12	2	2
63	111	12	2	3
63	110	12	2	2
63	110	12	2	2
63	110	12	2	2
62	110	12	2	5
62	110	12	2	5
63	111	12	2	3
63	111	12	2	3
63	102	12	3	1
60	105	12	3	7
62	101	12	3	11
61	100	12	3	8
63	100	12	3	2
65	101	12	3	12
63	104	12	3	4
63	106	12	3	5
61	103	12	3	9
61	104	12	3	10
60	104	12	3	6
63	102	12	3	1
63	103	12	3	3
63	102	12	3	1
63	103	12	3	3
63	103	12	3	3
63	103	12	3	3
54	100	12	4	1
54	98	12	4	3
53	102	12	4	10
52	102	12	4	6
52	103	12	4	7
53	102	12	4	10
55	101	12	4	12
54	99	12	4	4
54	97	12	4	2
55	97	12	4	11
54	100	12	4	1
53	101	12	4	9
53	100	12	4	8
53	100	12	4	8
54	100	12	4	1
54	100	12	4	1
52	99	12	4	5
60	110	12	5	1
60	110	12	5	1
62	110	12	5	12
61	109	12	5	8
61	110	12	5	9
61	111	12	5	10
61	113	12	5	11
60	111	12	5	3
58	111	12	5	6
58	110	12	5	5
58	109	12	5	4
59	110	12	5	7
60	110	12	5	1
60	110	12	5	1
61	110	12	5	9
60	110	12	5	1
60	109	12	5	2
61	109	12	5	8
51	110	12	6	1
51	113	12	6	4
50	109	12	6	7
50	108	12	6	6
49	110	12	6	5
51	111	12	6	3
51	111	12	6	3
52	110	12	6	9
53	110	12	6	11
53	108	12	6	10
52	107	12	6	8
51	110	12	6	1
51	110	12	6	1
51	110	12	6	1
51	109	12	6	2
51	109	12	6	2
62	97	12	7	1
61	96	12	7	5
62	95	12	7	2
61	97	12	7	6
62	98	12	7	4
63	99	12	7	9
63	99	12	7	9
63	97	12	7	8
64	97	12	7	10
65	97	12	7	12
65	96	12	7	11
63	96	12	7	7
62	96	12	7	3
62	96	12	7	3
62	97	12	7	1
62	97	12	7	1
65	99	12	8	1
65	98	12	8	2
65	99	12	8	1
65	99	12	8	1
65	99	12	8	1
54	112	12	9	1
56	110	12	9	10
55	112	12	9	8
53	113	12	9	4
53	114	12	9	5
52	112	12	9	2
53	112	12	9	3
55	110	12	9	6
55	111	12	9	7
57	110	12	9	12
56	112	12	9	11
55	113	12	9	9
54	112	12	9	1
54	112	12	9	1
54	112	12	9	1
69	95	12	10	1
69	95	12	10	1
69	96	12	10	2
70	95	12	10	8
70	94	12	10	7
70	96	12	10	9
70	94	12	10	7
68	94	12	10	5
67	96	12	10	4
68	96	12	10	6
69	97	12	10	3
59	99	12	11	1
59	99	12	11	1
59	99	12	11	1
58	99	12	11	10
55	99	12	11	5
57	99	12	11	9
57	98	12	11	8
56	97	12	11	6
56	97	12	11	6
57	97	12	11	7
57	97	12	11	7
59	96	12	11	2
59	97	12	11	3
59	98	12	11	4
60	96	12	11	11
61	98	12	11	12
61	98	12	11	12
55	94	12	12	1
55	93	12	12	2
55	94	12	12	1
55	94	12	12	1
57	93	12	12	10
56	94	12	12	7
57	94	12	12	11
57	95	12	12	12
56	95	12	12	8
56	96	12	12	9
55	96	12	12	4
55	95	12	12	3
54	96	12	12	6
53	96	12	12	5
57	103	12	13	1
57	102	12	13	3
58	104	12	13	7
58	102	12	13	6
60	102	12	13	10
61	102	12	13	11
60	100	12	13	9
59	100	12	13	8
57	101	12	13	2
56	102	12	13	5
57	104	12	13	4
55	106	12	14	1
55	106	12	14	1
54	104	12	14	8
55	107	12	14	4
56	106	12	14	10
55	105	12	14	3
55	104	12	14	2
53	104	12	14	6
53	104	12	14	6
52	105	12	14	5
53	106	12	14	7
54	105	12	14	9
58	107	12	15	1
58	107	12	15	1
56	108	12	15	6
59	107	12	15	11
58	106	12	15	2
57	105	12	15	7
57	106	12	15	8
56	107	12	15	5
55	108	12	15	3
55	109	12	15	4
55	109	12	15	4
57	109	12	15	10
57	108	12	15	9
48	109	12	16	1
48	109	12	16	1
49	104	12	16	7
50	102	12	16	8
48	107	12	16	2
47	108	12	16	6
46	109	12	16	5
48	110	12	16	3
48	111	12	16	4
63	89	13	1	0
63	89	13	1	1
63	89	13	1	1
63	89	13	1	1
63	89	13	1	1
63	88	13	1	2
63	89	13	1	1
63	88	13	1	2
63	89	13	1	1
63	89	13	1	1
63	89	13	1	1
63	88	13	1	2
63	88	13	1	2
63	88	13	1	2
63	88	13	1	2
63	88	13	1	2
63	88	13	1	2
63	88	13	1	2
63	88	13	1	2
63	89	13	1	1
63	89	13	2	1
63	89	13	2	1
63	89	13	2	1
63	89	13	2	1
64	89	13	2	4
63	89	13	2	1
63	89	13	2	1
63	89	13	2	1
63	89	13	2	1
64	89	13	2	4
64	89	13	2	4
63	90	13	2	2
63	90	13	2	2
63	90	13	2	2
62	90	13	2	3
62	90	13	2	3
56	92	13	3	1
55	91	13	3	5
56	91	13	3	2
56	91	13	3	2
58	92	13	3	9
58	92	13	3	9
57	91	13	3	7
57	92	13	3	8
57	92	13	3	8
58	93	13	3	10
43	95	13	3	3
54	91	13	3	4
55	92	13	3	6
56	92	13	3	1
55	92	13	3	6
56	92	13	3	1
56	92	13	3	1
56	92	13	3	1
56	92	13	3	1
56	92	13	3	1
56	92	13	3	1
56	92	13	3	1
56	92	13	3	1
55	92	13	3	6
55	92	13	3	6
55	92	13	3	6
55	92	13	3	6
55	92	13	3	6
60	91	13	4	1
60	94	13	4	4
59	91	13	4	7
60	93	13	4	3
59	94	13	4	8
58	94	13	4	6
59	95	13	4	9
60	95	13	4	5
61	94	13	4	12
61	96	13	4	13
62	94	13	4	15
62	92	13	4	14
62	92	13	4	14
61	90	13	4	10
60	93	13	4	3
60	95	13	4	5
60	91	13	4	1
60	91	13	4	1
60	91	13	4	1
60	91	13	4	1
60	91	13	4	1
60	92	13	4	2
60	91	13	4	1
60	91	13	4	1
60	92	13	4	2
60	92	13	4	2
60	92	13	4	2
60	92	13	4	2
61	92	13	4	11
60	92	13	4	2
58	83	13	5	1
59	86	13	5	10
59	84	13	5	8
57	82	13	5	4
57	83	13	5	5
57	84	13	5	6
57	85	13	5	7
58	84	13	5	2
58	85	13	5	3
59	85	13	5	9
60	85	13	5	11
59	86	13	5	10
60	85	13	5	11
61	84	13	5	13
61	83	13	5	12
61	84	13	5	13
58	83	13	5	1
58	83	13	5	1
58	83	13	5	1
58	83	13	5	1
58	83	13	5	1
58	83	13	5	1
58	84	13	5	2
58	83	13	5	1
68	80	13	6	1
70	81	13	6	12
69	79	13	6	9
67	78	13	6	5
67	79	13	6	6
67	79	13	6	6
66	79	13	6	4
65	78	13	6	3
67	80	13	6	7
67	82	13	6	8
67	82	13	6	8
68	82	13	6	2
69	82	13	6	11
69	80	13	6	10
72	82	13	6	15
72	80	13	6	14
71	81	13	6	13
68	80	13	6	1
68	80	13	6	1
68	80	13	6	1
67	80	13	6	7
67	80	13	6	7
68	80	13	6	1
68	80	13	6	1
59	88	13	7	1
58	89	13	7	9
57	88	13	7	5
59	89	13	7	2
60	89	13	7	13
60	90	13	7	14
58	87	13	7	8
59	90	13	7	3
58	90	13	7	10
57	89	13	7	6
57	90	13	7	7
61	88	13	7	16
60	87	13	7	11
60	88	13	7	12
61	86	13	7	15
56	89	13	7	4
59	88	13	7	1
59	88	13	7	1
59	88	13	7	1
59	88	13	7	1
63	89	13	8	1
62	91	13	8	6
64	91	13	8	8
63	90	13	8	3
64	88	13	8	7
61	89	13	8	5
65	90	13	8	11
63	87	13	8	2
64	92	13	8	9
63	93	13	8	4
66	95	13	8	14
64	93	13	8	10
66	91	13	8	13
65	93	13	8	12
68	88	13	9	1
68	88	13	9	1
70	92	13	9	10
70	91	13	9	9
71	89	13	9	11
69	89	13	9	8
68	86	13	9	2
66	86	13	9	5
67	87	13	9	6
67	89	13	9	7
68	90	13	9	3
68	92	13	9	4
72	93	13	10	1
72	93	13	10	1
76	92	13	10	6
75	93	13	10	5
72	92	13	10	3
72	90	13	10	2
71	92	13	10	4
70	85	13	11	1
70	85	13	11	1
68	84	13	11	4
70	83	13	11	2
71	87	13	11	6
70	87	13	11	3
71	86	13	11	5
72	88	13	11	7
66	84	13	12	1
66	84	13	12	1
64	83	13	12	6
63	85	13	12	4
65	85	13	12	8
67	85	13	12	10
67	83	13	12	9
64	86	13	12	7
66	82	13	12	2
66	86	13	12	3
64	82	13	12	5
64	82	13	12	5
67	83	13	12	9
63	79	13	13	1
63	79	13	13	1
63	80	13	13	3
65	81	13	13	10
63	78	13	13	2
62	78	13	13	7
63	79	13	13	1
61	82	13	13	6
60	80	13	13	5
65	80	13	13	9
64	79	13	13	8
63	81	13	13	4
56	80	13	14	1
56	80	13	14	1
55	80	13	14	13
54	80	13	14	11
53	80	13	14	7
52	79	13	14	5
52	80	13	14	6
53	81	13	14	8
55	79	13	14	12
54	78	13	14	10
53	82	13	14	9
56	82	13	14	3
56	83	13	14	4
56	81	13	14	2
55	82	13	14	14
56	87	13	15	1
56	87	13	15	1
56	85	13	15	2
56	87	13	15	1
56	87	13	15	1
55	87	13	15	8
55	84	13	15	6
52	85	13	15	4
54	84	13	15	5
57	86	13	15	9
55	86	13	15	7
55	86	13	15	7
55	84	13	15	6
48	84	13	15	3
51	67	14	1	0
50	67	14	1	1
50	66	14	1	2
50	66	14	1	2
50	66	14	1	2
50	67	14	1	1
50	67	14	1	1
50	67	14	1	1
50	66	14	1	2
50	66	14	1	2
50	66	14	1	2
50	66	14	1	2
50	66	14	1	2
50	66	14	1	2
50	66	14	1	2
50	67	14	1	1
50	67	14	1	1
50	66	14	1	2
50	67	14	1	1
51	67	14	1	4
51	66	14	1	3
51	67	14	1	4
51	67	14	1	4
51	66	14	1	3
51	67	14	1	4
73	66	14	2	1
74	63	14	2	8
72	66	14	2	7
71	68	14	2	5
72	65	14	2	6
75	60	14	2	12
73	63	14	2	2
67	50	14	2	4
74	65	14	2	9
74	65	14	2	9
74	65	14	2	9
74	66	14	2	10
74	66	14	2	10
74	65	14	2	9
74	65	14	2	9
74	65	14	2	9
74	65	14	2	9
74	66	14	2	10
74	66	14	2	10
74	66	14	2	10
73	66	14	2	1
74	66	14	2	10
73	66	14	2	1
73	66	14	2	1
73	66	14	2	1
73	66	14	2	1
73	67	14	2	3
74	68	14	2	11
70	70	14	3	1
68	71	14	3	8
71	69	14	3	13
70	71	14	3	3
69	73	14	3	12
68	73	14	3	9
65	73	14	3	4
66	70	14	3	6
66	69	14	3	5
67	69	14	3	7
69	68	14	3	10
69	70	14	3	11
70	70	14	3	1
70	70	14	3	1
70	70	14	3	1
70	70	14	3	1
70	70	14	3	1
70	70	14	3	1
70	70	14	3	1
70	70	14	3	1
70	70	14	3	1
70	70	14	3	1
70	69	14	3	2
70	70	14	3	1
70	70	14	3	1
56	71	14	4	1
58	72	14	4	14
56	69	14	4	2
55	70	14	4	9
55	69	14	4	8
54	70	14	4	5
53	69	14	4	4
54	71	14	4	6
54	72	14	4	7
56	72	14	4	3
57	71	14	4	11
57	72	14	4	12
58	70	14	4	13
57	70	14	4	10
56	71	14	4	1
56	71	14	4	1
56	71	14	4	1
56	72	14	4	3
56	71	14	4	1
56	71	14	4	1
57	71	14	4	11
73	70	14	5	1
71	70	14	5	4
71	71	14	5	5
72	71	14	5	6
73	71	14	5	2
74	71	14	5	8
74	71	14	5	8
73	74	14	5	3
73	70	14	5	1
73	70	14	5	1
74	70	14	5	7
74	70	14	5	7
74	70	14	5	7
61	78	14	6	1
61	78	14	6	1
60	77	14	6	8
60	76	14	6	7
61	75	14	6	2
61	76	14	6	3
62	76	14	6	10
61	77	14	6	4
61	78	14	6	1
61	79	14	6	5
60	78	14	6	9
60	77	14	6	8
59	77	14	6	6
66	77	14	7	1
66	77	14	7	1
66	77	14	7	1
65	76	14	7	8
65	74	14	7	7
66	74	14	7	2
67	74	14	7	9
67	77	14	7	10
63	77	14	7	4
64	77	14	7	6
64	76	14	7	5
63	76	14	7	3
69	75	14	8	1
69	76	14	8	2
70	75	14	8	5
71	75	14	8	7
70	75	14	8	5
70	76	14	8	6
69	77	14	8	3
69	76	14	8	2
69	78	14	8	4
66	62	14	9	1
66	62	14	9	1
64	61	14	9	5
65	62	14	9	6
64	61	14	9	5
63	59	14	9	4
67	60	14	9	7
67	62	14	9	8
69	59	14	9	13
68	63	14	9	12
67	64	14	9	9
67	65	14	9	10
67	66	14	9	11
66	66	14	9	3
66	63	14	9	2
69	62	14	9	15
69	60	14	9	14
62	66	14	10	1
62	66	14	10	1
67	68	14	10	11
62	66	14	10	1
63	66	14	10	4
64	67	14	10	7
64	68	14	10	8
63	69	14	10	5
64	69	14	10	9
65	67	14	10	10
64	66	14	10	6
63	64	14	10	3
61	65	14	10	2
61	72	14	11	1
61	72	14	11	1
61	70	14	11	3
60	70	14	11	7
60	68	14	11	6
61	68	14	11	2
60	71	14	11	8
59	71	14	11	5
59	69	14	11	4
62	73	14	11	10
63	75	14	11	13
63	72	14	11	12
63	71	14	11	11
62	71	14	11	9
59	64	14	12	1
59	64	14	12	1
60	61	14	12	7
59	60	14	12	2
59	62	14	12	3
61	63	14	12	8
61	65	14	12	9
61	66	14	12	10
58	66	14	12	5
59	65	14	12	4
60	59	14	12	6
57	63	14	13	1
57	63	14	13	1
58	63	14	13	10
57	61	14	13	3
57	60	14	13	2
56	61	14	13	7
56	60	14	13	6
56	64	14	13	8
57	64	14	13	4
58	65	14	13	11
57	65	14	13	5
58	59	14	13	9
54	61	14	14	1
54	61	14	14	1
54	60	14	14	3
52	60	14	14	9
53	59	14	14	10
52	57	14	14	8
54	58	14	14	2
55	59	14	14	12
55	61	14	14	13
55	63	14	14	14
53	62	14	14	11
51	61	14	14	6
51	63	14	14	7
49	62	14	14	4
49	64	14	14	5
56	66	14	15	1
56	66	14	15	1
51	65	14	15	4
56	67	14	15	2
56	68	14	15	3
55	68	14	15	11
54	68	14	15	8
55	67	14	15	10
55	66	14	15	9
54	65	14	15	7
53	65	14	15	6
53	64	14	15	5
52	71	14	16	1
52	71	14	16	1
52	67	14	16	2
51	67	14	16	7
52	69	14	16	3
51	69	14	16	8
50	71	14	16	6
50	71	14	16	6
48	73	14	16	4
49	70	14	16	5
52	72	14	17	1
52	72	14	17	1
51	74	14	17	4
52	74	14	17	3
53	71	14	17	5
52	71	14	17	2
53	72	14	17	6
54	73	14	17	7
54	75	14	17	8
54	75	14	17	8
52	77	14	18	1
52	77	14	18	1
51	77	14	18	7
51	79	14	18	8
53	77	14	18	10
53	76	14	18	9
52	75	14	18	2
52	76	14	18	3
51	76	14	18	6
50	75	14	18	5
51	79	14	18	8
45	75	14	18	4
57	77	14	19	1
57	77	14	19	1
58	77	14	19	8
58	76	14	19	7
56	77	14	19	6
55	76	14	19	5
55	76	14	19	5
57	77	14	19	1
57	78	14	19	2
57	79	14	19	3
57	80	14	19	4
59	80	14	19	9
57	56	14	20	1
57	56	14	20	1
62	57	14	20	10
53	53	14	20	2
55	57	14	20	4
58	56	14	20	5
58	58	14	20	6
59	58	14	20	8
59	53	14	20	7
55	53	14	20	3
62	58	14	20	11
53	53	14	20	2
61	56	14	20	9
48	59	14	21	1
48	59	14	21	1
48	60	14	21	3
49	60	14	21	6
48	58	14	21	2
46	58	14	21	5
46	58	14	21	5
44	55	14	21	4
50	66	14	22	1
47	72	14	22	14
46	71	14	22	13
45	73	14	22	10
44	68	14	22	6
42	65	14	22	4
42	64	14	22	3
33	64	14	22	2
44	62	14	22	5
45	62	14	22	7
46	63	14	22	11
45	65	14	22	8
46	66	14	22	12
45	67	14	22	9
49	68	14	22	15
89	91	15	1	0
102	94	15	1	1
105	94	15	1	6
102	94	15	1	1
103	93	15	1	3
102	93	15	1	2
104	94	15	1	5
105	92	15	1	7
106	96	15	1	8
102	94	15	1	1
102	94	15	1	1
102	94	15	1	1
103	94	15	1	4
103	94	15	1	4
102	94	15	1	1
102	94	15	1	1
102	95	15	2	1
102	96	15	2	3
100	97	15	2	6
102	98	15	2	4
102	99	15	2	5
100	95	15	2	7
97	97	15	2	9
99	96	15	2	10
102	95	15	2	1
102	94	15	2	2
102	95	15	2	1
102	95	15	2	1
102	95	15	2	1
102	95	15	2	1
102	95	15	2	1
103	95	15	2	8
100	91	15	3	1
105	90	15	3	12
100	93	15	3	4
98	90	15	3	15
102	88	15	3	9
104	89	15	3	11
104	87	15	3	10
100	88	15	3	2
97	88	15	3	13
97	91	15	3	14
100	91	15	3	1
101	93	15	3	8
101	91	15	3	7
100	90	15	3	3
100	90	15	3	3
100	90	15	3	3
100	90	15	3	3
99	90	15	3	16
100	90	15	3	3
100	91	15	3	1
100	91	15	3	1
100	90	15	3	3
101	89	15	3	5
101	90	15	3	6
80	96	15	4	1
83	97	15	4	16
81	95	15	4	11
82	95	15	4	15
81	97	15	4	13
81	98	15	4	14
80	97	15	4	4
79	96	15	4	10
79	96	15	4	10
80	94	15	4	2
80	94	15	4	2
79	94	15	4	9
79	93	15	4	8
77	93	15	4	5
78	91	15	4	6
79	91	15	4	7
80	96	15	4	1
80	96	15	4	1
80	95	15	4	3
80	96	15	4	1
80	96	15	4	1
81	96	15	4	12
81	96	15	4	12
91	106	15	5	1
88	106	15	5	6
91	107	15	5	3
90	108	15	5	11
90	107	15	5	10
87	105	15	5	5
90	104	15	5	7
90	105	15	5	8
91	105	15	5	2
92	105	15	5	12
94	103	15	5	15
94	106	15	5	16
93	108	15	5	14
92	110	15	5	13
91	110	15	5	4
91	106	15	5	1
91	106	15	5	1
91	105	15	5	2
90	106	15	5	9
90	106	15	5	9
90	106	15	5	9
90	106	15	5	9
90	106	15	5	9
90	106	15	5	9
91	105	15	5	2
84	96	15	6	1
83	98	15	6	6
84	97	15	6	3
82	99	15	6	5
83	100	15	6	7
84	100	15	6	4
85	97	15	6	10
86	97	15	6	13
87	96	15	6	14
84	96	15	6	1
84	96	15	6	1
84	96	15	6	1
84	96	15	6	1
84	96	15	6	1
84	96	15	6	1
84	96	15	6	1
84	95	15	6	2
85	96	15	6	9
85	96	15	6	9
85	96	15	6	9
85	96	15	6	9
85	95	15	6	8
85	95	15	6	8
84	95	15	6	2
85	95	15	6	8
86	95	15	6	11
86	95	15	6	11
86	96	15	6	12
89	111	15	7	1
87	112	15	7	4
89	111	15	7	1
90	109	15	7	9
89	110	15	7	2
88	110	15	7	5
87	112	15	7	4
87	112	15	7	4
88	113	15	7	7
88	114	15	7	8
89	115	15	7	3
89	111	15	7	1
89	111	15	7	1
89	111	15	7	1
89	111	15	7	1
89	111	15	7	1
89	111	15	7	1
89	111	15	7	1
89	111	15	7	1
88	111	15	7	6
95	93	15	8	1
94	92	15	8	7
93	93	15	8	4
92	94	15	8	3
93	94	15	8	5
94	96	15	8	9
94	95	15	8	8
96	95	15	8	11
95	94	15	8	2
97	94	15	8	12
96	92	15	8	10
94	91	15	8	6
95	93	15	8	1
95	93	15	8	1
95	93	15	8	1
95	93	15	8	1
95	93	15	8	1
81	102	15	9	1
81	105	15	9	3
83	102	15	9	18
82	103	15	9	17
82	101	15	9	16
80	100	15	9	12
80	99	15	9	11
80	101	15	9	13
79	102	15	9	9
77	100	15	9	5
77	100	15	9	5
77	101	15	9	6
77	103	15	9	7
77	105	15	9	8
80	103	15	9	14
79	105	15	9	10
81	104	15	9	2
80	106	15	9	15
76	103	15	9	4
81	102	15	9	1
81	102	15	9	1
81	102	15	9	1
81	102	15	9	1
81	102	15	9	1
81	102	15	9	1
81	106	15	10	1
80	109	15	10	6
79	107	15	10	4
82	106	15	10	7
82	106	15	10	7
82	107	15	10	8
82	107	15	10	8
83	110	15	10	9
80	108	15	10	5
78	106	15	10	3
81	106	15	10	1
81	106	15	10	1
82	106	15	10	7
81	107	15	10	2
81	106	15	10	1
91	90	15	11	1
93	91	15	11	7
93	91	15	11	7
93	92	15	11	8
93	89	15	11	6
94	89	15	11	9
93	89	15	11	6
92	90	15	11	5
91	88	15	11	3
91	90	15	11	1
91	89	15	11	2
91	89	15	11	2
91	89	15	11	2
91	90	15	11	1
92	90	15	11	5
92	89	15	11	4
88	99	15	12	1
88	98	15	12	2
86	99	15	12	4
88	97	15	12	3
90	95	15	12	5
90	98	15	12	7
91	97	15	12	8
90	96	15	12	6
92	96	15	12	9
90	101	15	13	1
90	101	15	13	1
90	102	15	13	2
91	103	15	13	15
92	102	15	13	17
92	100	15	13	18
92	99	15	13	19
91	98	15	13	16
90	99	15	13	3
88	100	15	13	12
87	101	15	13	10
86	101	15	13	7
85	101	15	13	5
85	102	15	13	6
86	102	15	13	8
84	103	15	13	4
87	103	15	13	11
88	101	15	13	13
86	103	15	13	9
97	103	15	14	1
97	103	15	14	1
98	101	15	14	8
97	101	15	14	2
96	100	15	14	5
94	99	15	14	3
95	100	15	14	4
96	104	15	14	6
96	105	15	14	7
97	108	15	15	1
97	108	15	15	1
97	106	15	15	2
96	108	15	15	3
98	109	15	15	5
99	110	15	15	6
98	106	15	15	4
102	103	15	16	1
102	103	15	16	1
102	102	15	16	3
102	100	15	16	2
101	102	15	16	6
100	103	15	16	5
103	105	15	16	7
103	105	15	16	7
103	107	15	16	8
102	106	15	16	4
91	86	15	17	1
91	86	15	17	1
92	86	15	17	6
90	85	15	17	4
89	85	15	17	2
89	86	15	17	3
90	86	15	17	5
95	87	15	17	9
94	87	15	17	7
94	86	15	17	8
83	87	15	18	1
83	87	15	18	1
82	88	15	18	3
84	88	15	18	5
85	88	15	18	7
86	89	15	18	8
85	87	15	18	6
84	86	15	18	4
83	86	15	18	2
83	91	15	19	1
83	91	15	19	1
85	91	15	19	9
84	90	15	19	7
82	89	15	19	4
81	91	15	19	3
81	91	15	19	3
82	91	15	19	5
82	92	15	19	6
83	93	15	19	2
84	92	15	19	8
85	93	15	20	1
85	93	15	20	1
84	94	15	20	3
85	94	15	20	2
87	92	15	20	4
88	93	15	20	6
88	95	15	20	5
85	94	15	20	2
85	93	15	20	1
86	107	15	21	1
86	107	15	21	1
85	108	15	21	9
85	110	15	21	10
86	109	15	21	3
87	109	15	21	12
87	108	15	21	11
86	106	15	21	2
85	107	15	21	8
83	106	15	21	5
84	106	15	21	6
85	105	15	21	7
83	104	15	21	4
90	113	15	22	1
91	113	15	22	4
90	115	15	22	2
92	113	15	22	5
93	113	15	22	7
94	114	15	22	8
95	114	15	22	10
95	111	15	22	9
93	112	15	22	6
91	111	15	22	3
96	116	15	22	11
102	115	15	23	1
102	115	15	23	1
103	110	15	23	7
101	118	15	23	5
102	115	15	23	1
103	111	15	23	8
101	109	15	23	6
102	117	15	23	2
103	109	15	23	9
99	114	15	23	4
102	114	15	23	3
127	127	15	24	1
127	127	15	24	1
126	127	15	24	3
127	129	15	24	2
144	123	15	24	4
91	77	16	1	0
90	77	16	1	1
91	78	16	1	4
89	79	16	1	2
91	79	16	1	5
90	77	16	1	1
90	77	16	1	1
90	77	16	1	1
91	77	16	1	3
91	77	16	1	3
91	76	16	2	2
91	77	16	2	1
91	77	16	2	1
91	76	16	2	2
91	76	16	2	2
91	76	16	2	2
91	76	16	2	2
90	76	16	2	3
89	76	16	3	1
89	74	16	3	2
88	74	16	3	6
87	74	16	3	5
86	74	16	3	4
89	75	16	3	3
89	75	16	3	3
89	76	16	3	1
89	76	16	3	1
89	76	16	3	1
89	76	16	3	1
89	76	16	3	1
89	76	16	3	1
89	76	16	3	1
89	76	16	3	1
89	76	16	3	1
89	76	16	3	1
89	76	16	3	1
89	76	16	3	1
89	76	16	3	1
89	76	16	4	1
88	77	16	4	3
89	76	16	4	1
89	76	16	4	1
89	77	16	4	2
89	77	16	4	2
89	77	16	4	2
89	77	16	4	2
89	77	16	4	2
89	77	16	4	2
89	77	16	4	2
89	77	16	4	2
89	77	16	4	2
89	76	16	4	1
91	75	16	3	1
90	75	16	3	2
91	75	16	3	1
91	75	16	3	1
91	75	16	3	1
91	75	16	3	1
91	75	16	3	1
91	75	16	3	1
91	75	16	3	1
91	75	16	3	1
91	75	16	3	1
91	75	16	3	1
91	75	16	3	1
92	74	16	3	3
93	75	16	3	5
93	74	16	3	4
81	75	16	4	1
82	75	16	4	11
80	75	16	4	8
81	74	16	4	2
82	73	16	4	10
83	75	16	4	13
84	75	16	4	15
85	75	16	4	16
84	75	16	4	15
83	76	16	4	14
82	77	16	4	12
81	76	16	4	3
80	76	16	4	9
81	78	16	4	4
79	76	16	4	7
78	76	16	4	6
77	75	16	4	5
80	75	16	4	8
80	76	16	4	9
80	75	16	4	8
80	76	16	4	9
81	75	16	4	1
81	75	16	4	1
81	75	16	4	1
81	75	16	4	1
81	75	16	4	1
81	76	16	4	3
79	75	16	4	17
80	75	16	4	8
80	75	16	4	8
80	75	16	4	8
81	75	16	4	1
81	75	16	4	1
87	68	16	5	1
86	67	16	5	5
87	68	16	5	1
85	69	16	5	4
86	69	16	5	7
84	63	16	5	3
88	66	16	5	8
83	68	16	5	2
86	68	16	5	6
86	68	16	5	6
87	68	16	5	1
87	68	16	5	1
87	68	16	5	1
86	68	16	5	6
86	68	16	5	6
87	68	16	5	1
80	71	16	6	1
80	73	16	6	4
81	72	16	6	10
80	72	16	6	3
80	71	16	6	1
80	74	16	6	5
78	72	16	6	7
78	74	16	6	8
78	71	16	6	6
80	70	16	6	2
80	70	16	6	2
80	70	16	6	2
80	70	16	6	2
81	70	16	6	9
80	71	16	6	1
95	77	16	7	1
92	78	16	7	4
93	77	16	7	6
92	77	16	7	3
93	79	16	7	7
94	79	16	7	10
95	78	16	7	2
96	77	16	7	11
94	77	16	7	9
94	77	16	7	9
94	77	16	7	9
94	77	16	7	9
94	77	16	7	9
94	76	16	7	8
95	77	16	7	1
95	77	16	7	1
95	77	16	7	1
93	76	16	7	5
93	76	16	7	5
93	76	16	7	5
92	83	16	8	1
93	80	16	8	10
91	80	16	8	7
91	83	16	8	9
92	84	16	8	4
93	83	16	8	11
94	84	16	8	13
94	83	16	8	12
92	81	16	8	2
91	81	16	8	8
90	82	16	8	5
90	83	16	8	6
92	82	16	8	3
92	82	16	8	3
92	82	16	8	3
92	82	16	8	3
92	83	16	8	1
90	69	16	9	1
92	68	16	9	10
90	68	16	9	3
90	66	16	9	2
89	68	16	9	6
88	68	16	9	4
88	70	16	9	5
91	70	16	9	9
91	71	16	9	8
91	71	16	9	8
92	69	16	9	11
92	69	16	9	11
91	69	16	9	7
91	69	16	9	7
91	69	16	9	7
90	69	16	9	1
90	69	16	9	1
90	69	16	9	1
91	69	16	9	12
97	79	16	10	1
96	78	16	10	4
98	79	16	10	5
95	80	16	10	3
97	81	16	10	2
98	82	16	10	6
97	79	16	10	1
97	79	16	10	1
97	79	16	10	1
97	79	16	10	1
99	81	16	10	8
99	81	16	10	8
99	80	16	10	7
99	80	16	10	7
83	78	16	11	1
83	78	16	11	1
83	78	16	11	1
82	79	16	11	6
81	79	16	11	4
82	77	16	11	5
84	79	16	11	7
84	80	16	11	8
85	80	16	11	10
85	82	16	11	11
84	81	16	11	9
83	82	16	11	3
83	81	16	11	2
84	81	16	11	9
86	77	16	12	1
86	77	16	12	1
88	78	16	12	4
86	77	16	12	1
85	77	16	12	6
85	78	16	12	7
86	79	16	12	3
87	79	16	12	8
88	79	16	12	5
86	77	16	12	1
86	76	16	12	2
87	83	16	13	1
87	83	16	13	1
87	80	16	13	2
88	84	16	13	10
87	85	16	13	5
87	85	16	13	5
85	84	16	13	6
86	82	16	13	7
87	84	16	13	4
88	82	16	13	9
88	81	16	13	8
87	81	16	13	3
88	81	16	13	8
89	80	16	13	11
89	81	16	13	12
85	71	16	14	1
85	71	16	14	1
84	70	16	14	9
82	70	16	14	4
81	70	16	14	3
82	71	16	14	5
84	72	16	14	10
82	72	16	14	6
83	74	16	14	8
83	73	16	14	7
85	73	16	14	2
85	73	16	14	2
85	73	16	14	2
86	72	16	14	12
86	71	16	14	11
77	68	16	15	1
77	68	16	15	1
78	67	16	15	5
79	65	16	15	6
79	67	16	15	7
80	65	16	15	9
77	66	16	15	2
76	67	16	15	4
77	69	16	15	3
77	69	16	15	3
79	68	16	15	8
74	73	16	16	1
74	73	16	16	1
72	75	16	16	3
74	75	16	16	2
75	73	16	16	4
75	73	16	16	4
76	72	16	16	8
76	70	16	16	7
77	72	16	16	9
76	72	16	16	8
77	74	16	16	10
75	74	16	16	5
77	75	16	16	11
75	70	16	16	6
76	80	16	17	1
76	80	16	17	1
77	81	16	17	6
76	81	16	17	4
76	82	16	17	5
76	80	16	17	1
76	78	16	17	3
76	77	16	17	2
78	78	16	17	7
78	78	16	17	7
79	79	16	17	8
79	80	16	17	9
74	82	16	18	1
74	82	16	18	1
73	80	16	18	4
74	82	16	18	1
75	81	16	18	8
75	82	16	18	9
74	83	16	18	2
75	85	16	18	10
73	85	16	18	6
73	86	16	18	7
72	83	16	18	3
73	83	16	18	5
77	86	16	19	1
77	86	16	19	1
77	87	16	19	4
77	89	16	19	5
76	89	16	19	9
75	88	16	19	7
75	87	16	19	6
76	86	16	19	8
77	85	16	19	3
77	86	16	19	1
77	84	16	19	2
79	87	16	19	11
78	88	16	19	10
81	84	16	20	1
81	84	16	20	1
79	85	16	20	9
80	86	16	20	10
81	88	16	20	6
81	87	16	20	5
82	84	16	20	12
83	83	16	20	13
83	84	16	20	14
85	85	16	20	16
84	84	16	20	15
83	83	16	20	13
82	83	16	20	11
81	81	16	20	3
81	80	16	20	2
79	81	16	20	7
79	83	16	20	8
81	83	16	20	4
52	38	17	1	0
53	38	17	1	1
48	36	17	1	4
49	37	17	1	6
59	38	17	1	11
55	39	17	1	10
46	35	17	1	3
48	48	17	1	5
60	38	17	1	12
53	38	17	1	1
53	38	17	1	1
53	38	17	1	1
53	38	17	1	1
53	38	17	1	1
53	38	17	1	1
52	38	17	1	8
52	38	17	1	8
53	38	17	1	1
53	38	17	1	1
54	38	17	1	9
54	38	17	1	9
53	37	17	1	2
52	38	17	1	8
52	38	17	1	8
52	38	17	1	8
51	38	17	1	7
51	38	17	1	7
52	38	17	1	8
52	33	17	2	1
48	32	17	2	2
56	33	17	2	9
60	37	17	2	11
49	32	17	2	3
58	34	17	2	10
53	32	17	2	6
53	32	17	2	6
53	32	17	2	6
53	32	17	2	6
54	33	17	2	8
54	33	17	2	8
53	33	17	2	7
53	33	17	2	7
52	32	17	2	1
52	32	17	2	1
51	32	17	2	5
50	32	17	2	4
28	8	18	3	0
28	8	18	3	0
